10 -1832145515197233375169619774777916244378018187983207026579312984676525805676 - 64702519749273040060171579454143079996335066114274681804813192501279704975682
2 1001001100101110101111010000000111000100001111101110001110100000110111000001101001101100011010011111100000000010001011110011010011101011000000111001010110101010111010000100011100001000100101100111001011111100011001111101101111111101110011011110110100111100 | 1010000110000001111111111110000011111111101010000100101111111111110110001011101100110110001101111100101000001001111100011101010010111110000101111010110111000110110000100101101110100010011000010001110110111101000110011111100010001100111100001111000110011110
10 ~ 98871975465108831399813319024235039423913913641359039506893837405116154463644
10 -81909047553971774044859198909841282948332056671659916288378447618084640332636 % 82268609930418972787853884718026678437440298557741997698441689101261791330088
10 -29232705265746836677594401178822163554050149807217466964336945908039037901398 & 113422918393603223399929209926858477192455846440207758791542378472212672676664
2 ~ 1101001111101111010100011110101010111011100011101110011100011111010010111001001010111110001001111001001101100110111101111010001111101011001011011011110011010110101110001110110111011001110010010101111010111001100100110111010111100110110100011111001101110011
10 -97922231101554836226393933296850935076379242704586404889027534535582448106586 | -15304635895167783367346128446707079687631398033890098129279635480775559664312
2 ~ 1001101101010101111000110111010010101101001001001001100010110000100011111010101100010110001000101101010011111011111001011111000100110110110010111111011000111110011110100011010110101011001101111100111000111011000001110100111001011110000000010011101111010010
10 2 -51316600413700847639437779913647461961884110730479749379087209515344661291138
2 ~ 100101110101111111100110010110111010111101110110011001010101010110001001000000111011010011111110110010100101010101111010110100010110000100101010001110010000101100010100001001110110001000000010110001001010000011010000111110111001010110000011110010110000011
2 1011000001111110101110010000011100100010101000001000011011101101100111011000110101101001010000100010011111100001000001100011011110101110001010010000001111100110000100010111001100110110001010001011111100001011010010100011101100001011101011111100010000111100 + 1111000101010010000111001001100011101011011011101100100101011110110110110111100001101011000100110001010000110011000101010001011100100110011100110010101011011010111011010101011100110101001101011101101101100000101000011111001000111111000011011100011001011111
2 10 1110010101001111011110101100010001000111110110011111111111010011110010000101100100011100010100100101000010110101000001111010101010011010010111110000000010010111010011001000001100001101000111111110100101011000110100101011100100110001000010010011000100010000
2 10 11110010110110101010110110111100101010101010010010110110110110100000101100001110101010101100110101100000000110010000110101111010001001010101101000001110000100010011000111101010011110100100101000001111001101101101011101000110111110011000010100010001011001
2 ~ 1101100110011111001111010010001011011111111111111001011011110111111000100011110101101100001010111001011110101011001111111001010101000110011100101110001011100100011010010001101010011000011000100001000111001001110111000101000110110010001111000100000000110001
10 2 -47726883537474415345433010254245214596787802098976570804726042787611106371990
2 ~ 1110101000000010001101110110111011001111010010010111100100111000110011101001000001000001100010110010000101110010111001110111111111100101011100111111101100010110100010011011011101110110110101111111010100100001101011001110001100001111011101111111100000011101
10 -98560464959248130143533412707929829704174107396967549889004975348830687746409 & 82446548989348458609792120729059403346330815640460653906501294019363719747036
10 17953764317174437954715411321441518157406474495520318177501008789042081493054 + -92842850763446882311575288933300242425278670138961523844492502702429253400014
2 1001110101010000111101100110001011010111011100001101011010000000001101000100000110100000101110000111010101011011111010001000011100111110111011110101001101000101101110001011101010110011001011001101111001100000101000101111111010101111010100101111100100001 * 1111100100110001100000111110110110101001101111010111100101110111111000100011011110001000111011001100101000101000000101100011001101101101101111110001111011101000000010111101001100000011000010100100100010100001100101000000011110000101011101100001110011101011
2 ~ 1100000011110111111010001100001011000111101011111110001001111000100101111110001010011101001001010101000000111001110100011110111101101001101100001001101010010001111010110001010000001111001010011010110001011111100010001101110110001111001100111110001010000100
2 ~ 111010000010000101101001111110001110110111010010111001111110110011000000101000111110001100010111100100111111010011100101001111001110100011101001011011100100100000000011101100000010100110111101101101011110010010110100010001111011100100010010111010110101
2 11010010011110110111101011000000101000000011111001110110101110110010001111010111000000100110101001100001101001011101010000110100001010001010011110000001111000001100001001110110110001100010000110010101000100100100101101001010111110110111000110011111110 ^ 10110001100111011100100010011010011000000101100110100000100001001001001101111110011100000100110001111001110011001000010011111000101110001101100000000110011010101001010101010001011101000001100101001111000100000101000011111010011100111110001010011000011111
2 111111011011110111011010101000101000101111001000000100011001001110110100100010101011010011111101001101100010010111100110111001111110100011010001011101111000100100010010111101011001011101100000100011000011110100101111101100010010111010100001100110011001001 / 11011111000101101011111000101110100011000110101000111111110101100001011101010101111000011010100001100001001001010110100101000001110000000010011011101010101000011100010011100001100011101000010001001011110110001110111011110000000110110010000111101011010001
2 10 11110101110010011001100111111111000111001010011000100011001010101100100001000100000001001111010111000110100010100000011110111010001101000001001111010110010110011000110111010011100011010001000101010101110001000110000101011101010010100000101101111100100101
2 10011001001001000111000010000111100101000010111001100101000000110010110101010000101001000011111101100110010101000011100110110010100001110101110000011011110001000111111110011110111101011001000011101011110110110001011110101110011111101111011101100101010100 / 100100001000000001001000111101000000010011010110111000000101011100111010101011010101010010010101011110010011111110000110110000101100100111100001110110110000011001101001111000101000111011101101000010101011001010110001100101011111011110101001100101010001110
2 100101100011111010100110101100010111000110110110011001100010000101110100010110000011111110000101000110100000100100110100111000010100001110111101111100100001110010101101110110010110011101011000001110000010011110100110001001010100101010100011110110001010111 - 111111111111110000011110110000111011100011111000010101100011001001001010111100000010001100100111001101001010101011000011001011101011100101001010011110011010001110000000001110100111111100001100000010001110011011100001111100110010111000000000001111000110110
2 10 1010101101110100000010111010011111001010101001010010000110100001101111111110111111011011100101101101000000001010000101100001011111010111000111000110010100001011101101001110001101011010110001010100111111001011001000110111011100001101111000110000110010011001
2 1011110011100010010110011010011011001100100011001000101000010100110111010010000111101111100010010010000100000010011001100000001110011111011101000111101000101110001010001100110010001110001000010100001100111010111111111111001000110010000000110100010110000111 | 110110111000100001101010011110010101011110011111011010111001010010000110101000100001011001100011111101111110111100001101111010000101101110011110111011011011110010011001110010101010001001000111000111100101010011110011010011001000100000100100111011011100110
10 ~ 102559104633965424029800073629087801649035894076015763905111972006699676044585
2 ~ 1110011000111010111101111111110001011110101110111010100101001100111101011111101100001111111000000110001110111100001001101010010111101001000110011111001111010011011101111110000101111100001110101011011110000101000110000000100000001010101100100010000011001110
10 18595027491360366297581422604222904866095757899639045987298780801549422350000 | 84649353049931480374596772859441137258714256590980185742325585515911796719776
10 2 14624098479168188155412759965247197964250028551604993629738990573150776395111
2 10 1100001100100010001101100000010101011000011010000110111110001101001101001010111110000011001101001100000110010001101010110001001010011111101000000000101100100111110010100010100101100111001101011111000101110101000101000111001010111000010101000101010100000000
10 14710458192924029450974396565272641830510934041884336067536873996805218101520 * -29391721477592650664258762031734002911505770497193618997785131708836565002430
10 2 35643056999599114242881753092688351860264209920186958222210153516285852551123
2 ~ 111110110110000000111010101100000100000011000000110011100111001000011010101000100001111101001111110110100011110000000001100010100010100111100111101100110100001011100111111110111100010010100011011011110000000100011000011111011011010110010100001000001101101
2 111011000101101000000000101101111001011111110011010111100101101111000001000000000011100011100010000011110010101101101000110100010000100001110111001110001001111111101100110000010100000110101101110110011010111111100101010100010101001101110110010100100001001 * 101001001001101000110011000001111110010001000011000000111101010111110111111001010011110100001111111111111000111011010110001101000010111100010000100011001011010000011111110111110010001011110110111111010011101011100101010011100011110010100110011101101110101
10 2 -9480797523822072159437157016681078119306528483425114110018542845879338780526
2 10 1100111011111110101010110101000000000010011100000010110110011000010001000010000110001001000010111001000001010011111011101011111101000110100001110001000100101111010111000000110110100100101011100100111110001100011101110000111010100111010110100111110010011010
2 1011101001001010100010110110000001011101000111001010110110011110101011111000100100000011101101010011111001011010101100100010101010100110110101111100011000001011000010001010100001101010100000011000100110000001000010111101001111011000000111000110011010010111 * 110000111000010001011001010000110011001010010100111001000010101100001001010100100000110111010101000010001110111001101101011101110110110100011110001110011011100101001100010011110011111100011010101011110110100110001001111111111111011000010111001101110111011
10 ~ 15116799741678231358821534968249927155427813422543732379362258898240465305111
2 ~ 111110111100110010011101000011010000101000100000111100000010001010100000000001000110000101111111111010011011101110011111101001101001101001010011000001100000110010010010100000101011000001000110001001111001110101000001100011011100100111100111000100100110111
2 1100001111000101000000110111101110000001111110011001110111101000001010110010101001000100110010010101110100111110110010111101010001111000011000110100011111101101011100111100111000110111000111001110100010101010001100110000010101111001111111111000111000001111 % 11111010011101101101111110001001110100111101111011111010111100101011001100010101001010011100010111011110010110010011011001001100010000110010101110001011011100010011111001001100110000001011010110111001110000001011001110111011100000011001100010011001001111
10 2 -74614791301700351099351910282686952688152721320976299557597240011174198447430
10 2 -52568111176173023611835586645433204828052761296043485341815054114953641290514
2 111011010010100110101010100011000001000010101110010000011001000101010101110010001111111111001111101110111100100110000011011011111111010101010010110011101000110110110010011001000001010011100101011100111101101011100101100101111000101111101010000001111010010 % 1100101010001000111101010000100010011011101101011100110110111111110001011101011010101110001010110000110011101100100001100000000000011010110001100101101001110111100011000100000001111000111011001100100110001110010011111111111001011110010111101010010101100100
10 2 49044515373995753325655138268888134852859637188282266119614351651914995272698
10 -47853477429936860129368048605138757739176872617573727393697225254103409980476 * 95295901898141677273412942339892840726504946065663916779246576806846719352378
2 10 1001001110110110101100011100001100111101110001111000101011110101101101111000110000010001110011101111000011100000011111110000001001110111000101001100100111000100101111100001011000111111100011000010010000001000111011110011100001010011100011110011111100111
2 1001001101111111100101001001011101101000100000100100011000011011000100111010010101011000101111111101001011001100110000011010110101011011101000101011000000001000101100111111011001101101110011111010001011001101010000100000101011111000110111100001111110100101 / 1011000000110000101001010110101100101101011011111000111101010001101000011111010010001100111011001111100001111111111001011011101011000110100110001111111111111100110101001101011110100111110111100011000011010000101010110010001010111101011001100000000101110000
2 10 10111001101110111111011001001000011011000011111100101011101101111001000001101010000110100000110010010011101100100110100101111110001100110011101010010110110100001011101001010000000011011001001100001010001100100010010100000000001011011010100110001100011000
10 2 -108020313171256487172504763566157899181131241985904003408028315859404767629043
10 ~ 22879230494198433920238919938587641008223472639834011944913938820132619633470
2 110010000000111010011111011001110111110001010101111000111111101111000101001000101000100000000101001000011001100000011001011001111101111001110101100110000110111011010100000100010011110110011101101100110101100000010101011011000110011000110000100000000011110 & 1101111110001010110011000010110001010010010111011111011010101101110101001011001001110111101001101100000010111000100111000100111011010000011110000001011010010001001001000100010100110011111001100101100011111011010111101111110001101010010001111001110110001111
10 ~ -104020738729540521310045687896711227096373016175934018991796661008373593957364
2 10 1000011010110101100100001100001010111111110010001010111001001001011111001101000011000000001011100101100000011101111100101000101010010100111101101101100100011011100100000011100011100010110101101110001011111011000111010100111000000001110101100011100010110101
2 ~ 1110000010110101100011100001101010000010101010010000001110101001011111110010101100100011111110110001100011110101110100100110000000100101010011100010100100010110001011000111101010001110010100101110001101110001001100111100100101001011000110110011110101011
2 ~ 1101101111111010011100101100000111101110010100111111101011100001100101010100100100110001110000111100001110110010101111100100011101100001011110100000011001011111011010000100001011011100111010111011100000001001110110000110000111010001011000000011001110001
10 2 84544625452015241088978844501569978121633664881312994693907550598612668177847
10 ~ -57771521206269215656582662017586466868473021954222815803706321813615783967299
2 1010110010110111011101100111010001011010111010100010001111010110100001110111111011011011000100111010000100010101111000000000000001010100101101011111110110001001101001111111000001111110100000111011110101101001100110111001111100110000001001111101001100100100 / 1010000001110101100001011000010000010110011100000111111100100110101000110011101001001000010001011001100011110100100110011110001011000110100000000000101001001100011110011000000010010100010011101001000101011010110001100111101011110111100110101110010101101001
2 10100010011111101111100010110101010110111111010001000010101100011110101011100011011001101000101100011101110101000100101000111110100100100101011000000001100011000000010011110000100100011010000000011000100111110110000001000001110110011011000100011011000101 | 11010010010100011001111111000011000100001101001110000001111100111101001110111110001111111011000101011011110011101100011001000111001110100010101111001110100010001011100000010101011001001000100110100011110011100000001010011011101110101100010010011101001101
2 101011100110100100001100011001011101111110100101101111000101001000011000100100001111001111001011101111000110100000010100100001010111110001000001001101110011111011011100000111001100100111101010000001011100011100001111010111110110111100001000011111000011111 - 110010111100111100010000100001110010101111011100111010010100010111010100111011110110100010101100100110001101000000000101000110111001001001010110001000000001101100110100110111011010100011011000110110001101010010001010011101001001000101000010010010111011001
10 ~ -2199277894256668852320473028927308932261247456680351948121418366258437558852
10 ~ -79643242616906084805911116253910415167134365144389874789946647160927975012279
10 2 75454368653285292761981026632334827525512897140181980139758439096237962076371
2 10 11100111101100000100110000001000110111001010011110000011000010100110011011010110010100001110011111100011111010101100110110110000101101111111111000000101011111010010010011101011100101011010100111001111100000110110101110011011101101100011101111101000110111
2 101100011111111111101100111101001000101101011010010111000000010111100111001000001010110101010100001011000010011011101000100101101111011111001001100001100000101000011000001010111010000111001110010101111101110011011011110101110111111011011011101111001101 + 110110001111000111010011100001010010101111111010010101110101011000111000001001010110110010001110010111100111001101111111011100010101100111000111110010100011001000110001000110001000000111000111111110100001001101100110001010101110011101101011000101100111100
2 1110110010100101011110010110010111000110011000110101001000001001010001001100111011011101000101100010001011000000000011101101100001000010100100010011111110011111010000100100001101101100011011101011001111110000011110000010111101011001101001110101110001101 | 1101110000100011100111011011010001001001111111011100101001000010100001010111100111110111010001100000110000010001010101101010101110010011000011001111101011010110110011101010011001110110000010001111000101110111011011000111001101101100111011011110100100010
2 ~ 10000010010011001100110010110100001110010110011101001001101111000001100011010001000000001011010011001100111011001101011000101010110110101100101101111000010111001010000000110001111011110001100100110001111010100001011101000101011110100000010101011001101000
2 1101111001011001110001110001110110101110101010001011000000010100100000011010111000111111001011001000100111001111011010000100011011010011000000001100000101001110111001101111010010100110010000010101011000001011111000010000011000001101010100010101010110100010 % 1010010110101100111010101000001001000001000101001001011010001001000110010100001100011011001010001001000100001100011111101001111001001011100011111000001111101110110100000111011010010110101001010110010000010101010110100010111000100011111110100001011000111000
2 ~ 1010010111111110101001111011100011001010010111110110111010011000001000011110110111100110000111101000101110011000111001101100001011100110011100111110011111010100001010101010010111000010110011011111001100111011111000110111011111110111001110110101110010101000
2 ~ 1110101010110000101111111101110110001100000110001000101001111011100001111101011000011111001100001100110001000001110000010000000001100110001100000100000100011100110011111100001000101110001011100010111100101001010100111001101000000010110001001101000010100100
10 79931085520516337498690080864622112204025767772982447350774253594520741779876 * -42646973860553948474953811352161638748527498553948695058442548041644971386212
2 10 1011111001001001110100010101101001001000100110111101000001110000110101010010110100001010100110000011110101010111110000100101100000111001100000111111101011111001000011110000000010100010001111101000000001001100100011011110100110110000011100011010111110100
2 10 1100000111001000000010010101011111101001111000000100010111000101110000110100000111110110010100100101011110001111100111101000010101101011010001001000100101110101101111001100001111100101001110000011110101100101000000111001001110011000100101100101110100001010
2 10 1001111011010011101100001110001000001111010101111110001000001011111010100101011000010101010001100011001100101111110001101010111111001111011111110011111110111101000110111111001010100000100111111010010011111011010011000100011111010111011010101111010100011010
2 10 111110110011011100000011100111010110100010101001000000110011101001100000010101100010000010100111100110001000010000111010111101001000100100000100001111001100100011000010100010000110110001100101110011101100011100101100010010111100001111011110110100001011101
10 -279184699767557655232766177362639986179776535913590266578939215679223376399 ^ -3235499306120804941251877808481672964355951425690404395043097851140095863519
2 ~ 1011000100000100111011001000011111000110011110101010100000001010111010101001110001100001100100011001001010011010000001110111101100100110111001110010111100010001111010010010011000111011100101110101101010010010000010101111110000101110001111010011011011000101
2 1110111011001111111000010100110011100010111010101101111011101001101010100000111010110011111101000101000101100100111010100010110111010101001101111010000110011101110001011001001111110010000011101100100011100001110100101000101011110011001101100111001111001 - 110001010000000011101110110001011100000110101000011001100111011011001101011010011111101110101110101010111000001110000110110110001011011100100111010100010100100100100111101010001110011000001110001110111001101010100101011001101100100101000110001110101011
2 1110110011111000001111011010001101100010100101001100011001000011101000001001110101101111000010110111011100101110001010011010001010011001011110101011011111110000100111010110001111011011001111000110001110100001010111110000101110010110111001001101010101001100 * 110101011011111100001001000100111101001110001000001101101001101101000001001001011100001000001001011110101101000100001100111101111010000111101010010111110001111011011101111001001111101110001111000011111110111101110110100000100011100001001101111010101101
2 1101110111010111010111001001101000001010000011001011100101100110110000001001110001110001011000000101101001000100001011001010101001110001111011110010110010111011000101110100011100101100010001111110101000111100000000110111011100010010110011111011110001100100 ^ 1100001010100001010110000010001111001010011110100011001011010011001011010010101111111101110010110011000010000110000000111010101011100101101011101000101110101010011110100100101010111110000011100000101010110101001010001001111001000101111111111000010101
2 ~ 1001000010110110000011011001110010000110010000001010100001011011000100100110100111011111000100110001101011101110111011111000101100011011000001111101011110111110101000111010001100101010101110011001000000100011110100001101000011111000010110111010000011000100
10 -93860640374514709530714899698620848195467087281457258978630723724009446681469 + -24259617776876728781711734057439038553996383039650339685086487399067313446965
2 110010000101100010011111111110011111011101111010110011110101101011101000110101101001010011100101000111111100001100100011101100110110111011111110010110001101111010101011110001100010111010000100011110110110010110011000101000111111100010101111000000011011010 & 1001101000001111001010011111010111101000111010111110111100111000100111111101011001110111010011001111000100011000001100110001010011000100011000101001011111010100000100000000000111011000101110111101101101101010100100101110110110011000000111001001100001111010
10 -100449305169028372274917121905826291155739148528698934166347433470771707296974 ^ 110783219192345464914837633119498934408030640249802435653233855429313782835601
2 111001101100110010111011010100111011111001010100000100011101010101111100011100011110111010010011111011011100001101000011010000100110100111000010010111000001000000010101110110101011110111000000110010000000111001001111101111011010100011100001110101000111000 % 100001000101110111010010111001011011000000011101011100010000001110000000100111001110101101100110000010011100011110111100101010100101010110000111111001000111011000111011110110001101110000111010110101101101110001111110000000111100000011011011111010100110101
10 2 47175161437489106595056894506002809795750118932214487734947733152099107170945
2 11011110000010011101111011101100010000000101000101011000111110110000010100111111100000110110101011111000001111001111001011100100010000001100010111001001000101110101001101001101111000011001100111100011010100111100010001111010001010111111011001000010111111 ^ 1100001000110100110110011010100001010010010110000100011111010000101101000000000110001010011111010110100101101010101000111100000110001010110100001011001011000001011001011000000101010101000001110110110110110111101100001011001001010001011111010000001110011001
10 2 31844403752158344599249019190047649619493744101094129027919249054493943343804
2 ~ 11111000110011111001000110011000010001110111110010100001001110001010100101001110100111010111100011011111100100010011010000100110000101011101010000011011100000110101001000000110101100110110010010001100101110001000100011010001010111001110111000101100111001
2 10 1000011001000010111000101010100001100010000101011000110100010011001111100001101010001101110000110110000010010110110100001001110001110110101110010110101001000001011100011000101110010101100011011010011010101110111111110001110110101101001010100011111110001101
10 44917084397002331220201672950171318122485496480612474190541111460650733211721 / 71451353408800357621307997504243542756178063077061338345737569460246190755338
10 52335255035867510995961980176505564951165449601691112371291651231314307384846 - 7362862673410617259062563416097179936165426557489928523552121575141507235881
10 ~ -3425226765525378803211439555151649479418338452486134674399414292139869550214
10 79444236955143822867060390422938991957666018285058230294431222554839293984856 | -777628644494326723298107793135781915251844683812164756870610006926432245243
10 ~ -111054294077026959594680002187619684200256035310893395167439501346256321442179
10 ~ -65821344953899666361084200144047090162884150528393588905428503723807845652266
