10 -61546473705386038676843004405054270890 * 272244793443599557200025946247802062823
2 11101111100111111101111011001000101010101110001000010000011010110001001100001101100000001000000000111111101001001111011111000101 & 11010001010001110111011111000111110000110000001100001100000000110101110010011000111101001100111100100100100010011110001011111100
2 10 1110010111111000110011111011011111111011100110111101101001110111100101100000110011000101101111011100110010111000111010101001010
2 10101101100101010000000011111010110011101110011011100001000110000110001000001010100001010000000010100011110100101110110110000011 | 10100001100000011111111111100000111111111010100001001011111111111101100010111011001101100011011111001010000010011111000111010100
2 ~ 1001101011111001010101011011010000110000100010111111011111010101111101111111001100110011101111010011100010000111011110111101001
10 53966768285312323851090386191775371996 | 121995926649597728319925242506093803701
2 10 1000110101100101010101110011100010011100000000001110000100010101001110000101111100111101100100000111110100100010101110100000110
2 10 10010000101001000110011011101110010010100101101001111000101111111001001111110011100000001001100100001101101001111011100100010100
2 100101110011101101010001000100011111100100110110101101101100110000101100101010101101001001001111001001000000000101011011000001 | 1011001011011100010011111111011110111101110001111111001010001100111111100011011111110010001110111000110100101111000001111101
10 -104447030675341368970256806432311455539 & 333319999563644785402054852979846125409
10 111791048308341883643774487611375108198 / -170934048079308061371617496665005996863
2 ~ 10010011111000101001010010001111101010110010110010110000111110101111010000110000010100001001000001011011110011001100110011100010
10 293308204317802810352363993663145911843 | -44976282590404331402364345989654210290
10 ~ -312467307107638773157713697914617108657
10 136284778497832427160275818351017110614 & -149138342381515208573533328666042580714
2 ~ 1110101111011000100111011111110100111011010111110010111100000100011010100111110000110100111110101100111010011000011101110000110
2 ~ 10000100010001010001111111001010001111001001111011111011101111110000001111110010000011001001101010010010110110010001011011000000
2 10010101010001100101011001010001001001001111101011110000011011100000011110010001110011010000001100000101001001001000010000000 + 11110001010100100001110010011000111010110110111011001001010111101101101101111000011010110001001100010100001100110001010100010111
2 10 10011010010111110000000010010111010011001000001100001101000111111110100101011000110100101011100100110001000010010011000100010000
10 ~ -283576365760452271088702717513555344508
10 81792041950939233049896640634295288663 & -129626144838885398494592082612990243161
10 2 -31530285684974677857520690211100035356
2 ~ 11011001100111110011110100100010110111111111111110010110111101111110001000111101011011000010101110010111101010110011111110010101
2 100111100100100011011100111100101100111101110001010100011000100101111101100011100100010001001011110110111011101101111111101 % 11010110100100011110100101001110100011000011000110011110110111100001000011011101000111001100111000110100000110011001100001110110
2 ~ 1001110011011110011101111101110001001111001010100000100011001011110011101110011110110000111111001001001000011100000110010011001
10 -92172509606842814542930553596728882968 - -20561335521061513847379550356923517206
10 2 -294866276107309670588740751860131526969
10 ~ -227118820342688669749243731848404064621
10 -272840616466671282673399342695107161643 & 946888967977849670438728972761180672
2 ~ 11011111000111101100110011001110000000001010011001010100100010001001110101010000111101100110001011010111011100001101011010001
2 10 1001000011000000110111111011000101001100000110100110101010110100000000010000001000000000110110000000000100110100010011000011010
2 10 11111001001100011000001111101101101010011011110101111001011101111110001000110111100010001110110011001010001010000001011000110011
10 235865476967141101733660153187107944498 ^ 312472732484471560515885162020160699057
10 2 -94836660837315950923699749282221630999
10 ~ 105610291111077119899962080117843103873
2 11110000111101011111011110000111000111110010101111100111110001001010101000000100010110110010101110000110010110101011101110100001 | 11001110100011101001011011100100100000000011101100000010100110111101101101011110010010110100010001111011100100010010111010110101
2 100001100011000100000000011111111101101011100011010000001100010100101100011011111001100110111101010110010001010010101010011100 * 10100001010001010011110000001111000001100001001110110110001100010000110010101000100100100101101001010111110110111000110011111110
10 2 -315826309475989938106376267170163170324
10 2 -44675766791868878506143168018792922688
10 ~ 208081879381703722741788311474129133020
2 1111101101101011101101001100001111111100010011011001101111010101100111001100101001101000000100010101110100101110011110100010101 % 1111000110100110101110110010100110001100011011010011011111100010011110101110011110100110111011111100101000000111101101001010100
2 11100100001001011000111010001000110101001101000011001001111110111001110111101010101011100010010001110011011111001110001010000101 ^ 11000101000010010011101000010100011000000100001000100110101010110011000111011100110110110000001100110001110110000001110110001110
10 5541264808770402485245888234281883020 & 37321318587987167628202622602941526631
10 -240441531677679502151032487451634187336 & -227900530115135037887977949106954442264
10 2 -54815869944270625460288848461272376307
10 ~ 322119243573232534374249367204391537347
2 10 10110110010001100110000101101000011110000110111100101111010001110011000011111100000001111000101001010010100010010001101100111101
10 148575743001258712337644160758393121587 % 195722652556367839119629034052961762195
2 ~ 11110100110110101111001110011110011111111001001001111110111110000110000011001000010110101010010111001110010001101000111111000001
2 ~ 1011001110001100100011100110110111110010111111000111100100010001110011000111010111101111111110001011110101110111010100101001101
2 1110010101100000110011100000000010001100011010011001110010001011100011011110111100001011011010111100011101110110000001010100100 | 1011100010100110011000101001111010011010001001100000101011000111110110010111110001111010001001011111001100111010010111001111111
10 ~ -322900373902293843071329548031983979162
2 10 10111011001001011101011000000001110110000101110011111011011101001111001101110111010100110001011101111110000111110100010101110010
2 11111111101011011001011101110101000011010010001110011001111010001110000000000010100110011111001111011100110010010001111100101000 & 11010110101011000011011101110111101011000100001011000100010111000101110100010001111011010011100010111000100000101100011101011001
10 -176825803455189537496542362979271809783 - -91229605887766991252804706032505598013
10 -86374506394630644665201933174342207807 & -162247181005898914575315707233513142270
2 10 1000011111010110000111001100001111011100101001010101010111100010001001000111100000001101011111010111111010000011001011111011101
10 ~ 326285323448482051234938883238634588219
2 11100100101100010011100001001101110000011000111001011001101011110001111000001011100000010110011000110101110100110101010010100 - 10110111100000001000110000111110110110101100101000010000011011010010011100000101001010011111100001100010011110011111000101010011
2 1001100111110101111100101001000100110010100000001101010101110101011001000100110101101111011100101001001000110100100110100110 ^ 1110110001011010000000001011011110010111111100110101111001011011110000010000000000111000111000100000111100101011011010001101001
10 2 -339988578285044695752524098976081605288
2 111100100000100101110101001000000011011111110100100100010011101110101100001010000011110000101100011100101101110011110001010101 % 10011011101010110110100110001001101011011110011101101011100101001011000101010110101111110001111111000000100011011111000011110000
2 10011111011100010000011110011000111010100001001111010001011111111110100000001010000000010100001011100110000000000100100000001011 | 10111111100101011101100110011101111011001100101001001011011011111000001100100101110000011111000100000011001111110011010101010100
10 233326319138803490480839498079662533249 & 219970255362437113691702506561955597152
2 10011001010010100111001000010101100001001010100100000110111010101000010001110111001101101011101110110110100011110001110011011100 * 10011000111101001011111111010000100100111110001100010001010001111111101100010011010100000011101001010111100001100010011010011
2 ~ 10111101011000011000000011100011111110111001111101010110011101100101000000100010000101011000010100100001011010111100111000110001
10 2 50076252743899221055867681282005225487
10 -46533427936601194563793335447039590591 / 298277462335929990551725707816111333911
10 -200874810991320662189345528474874066319 - 168779049298104287499088531039708428150
10 -68772039385664337866132128693690083711 % -188280525812177456702005013881624212314
10 2 -186631987096611934357903629958101128965
10 -118719921709960428289218465499858746908 & 198723077417781724304161506688955985441
10 -333186591816700648977934472222059332562 % -173570588261858367088085639145134587
2 11001010100010001111010100001000100110111011010111001101101111111100010111010110101011100010101100001100111011001000011000000001 / 1001111010000001001100110100101100101101001100001001110101011100110000010010011101000011001011011110100100100000010101110001100
10 2 -268499384601887305876465275772961970722
10 -83627213723137358453305414467721128287 * 280049485844451117064691071729124242763
2 10 1001110111000101001100100111000100101111100001011000111111100011000010010000001000111011110011100001010011100011110011111100111
10 -67278096535795557014609209289916621833 % 11187620624831954848686984414780978430
10 ~ 9480492271236833660582235971966911682
10 2 295959679542499486653579691476060353496
2 10 1110011001100010101101001001011110100010110101111111100100110110011110101110011011101101011111111110100100101011001110011101000
10 -159452837112344616318981322826921475939 / -243735195662865593224480706364960308057
2 10 100011100100111110100101011001011111001111010110111110000010111000110101010100001101001010111001101000011111001010110110010010
10 25478884967058118334978356386411967774 | -95020302674700308346924387083024780363
10 -140942926937154449008071929731182985273 ^ -132960762207555179143214245197621497012
10 306288371285627017430498591840220934340 - -312783740471840070057281392691618978928
2 ~ 101001101011011111011101011011000011101011001110010110000101111100111001010101011001010001110010101010110100011101111000110110
10 2 -13211316791931216995779991933853291054
2 10100110100010000111100001001010100011111000101100010011010110011111000010100010101100000111000001000100001011110011010011110000 ^ 10100100110001100100100000101011011001100000110000110011010100111001010001011001010010100000010100111100101110110000101100001010
2 11100000101101011000111000011010100000101010100100000011101010010111111100101011001000111111101100011000111101011101001001100 % 10000110010000001000111100000011101110101100101111111110000010111011111001100011111001001001111110001100100001101110111001101011
10 -165994507975566293953979207261293286976 - 87403294377546485562639491512003558236
10 -107327288247460968005976706414820484643 * 299044895598936648738805141845841379631
10 263286740187474228451035915805949332065 - -158555000414111281783102598580608218298
2 10111100011111010110000000100100100010100100010110110001001011010110101010001010101110100100111010110101110010011000100010011011 ^ 10101100001010011101011001110001011100111000110011101110000111101110001110000011110001100101000111011011000010000000110011111011
10 165544175355983453354639130613081544187 & 221259095784565150587013814492354863705
2 1111101010101111111101001000010000101101100111010010101000000011001011101011000110000001101011010001111001011001000001010111010 ^ 110011011011100011000101010001011100001111111101010011111000100111010110011110010011110001110110111100010011100101101011101111
10 -205967838693286016442192774448569996742 - -93637188403227034167235805724982971132
2 ~ 11110100111011111000111111101100010101101111001110110001100100011100111010001010111100111010001000101110000001010101100100100011
2 10111110010101000011000110000001000011100001110000101011110101111011101101100101011111100010010001001000001111010111001110100011 & 1010111001101001000011000110010111011111101001011011110001010010000110001001000011110011110010111011110001101000000101001000010
